60 10 4
0.873296006173 1.20159070599 1.03606938367 1.45521375022 0.964925427731 1.00880271948 0.983595841094 1.48681278072 1.04214469906 1.01604232561 
1 0 0 0 
0.932325463146 1.08785658644 1.04758652138 1.19459041656 1.03121997369 1.18380272381 1.1867079936 1.32735757964 1.09917170572 1.0969882926 
1 0 0 0 
1.42643689739 1.56173761889 1.03651556735 1.58113883008 1.02491041653 0.949967907032 0.932085673539 1.21500423626 0.908353335874 0.996638645951 
1 0 0 0 
1.45738359472 1.43387586631 0.946012154698 1.24034734589 0.998338869285 1.03976188553 1.07531136738 1.44905162898 1.0089577621 0.986367692792 
1 0 0 0 
1.12318229221 1.26386119995 1.08830114214 1.22014918963 1.00113314484 0.916190385775 1.01720219989 1.49835337508 1.0212893703 0.956600876233 
1 0 0 0 
0.942163060662 1.27110995748 1.06858559407 1.54454553673 1.08085062205 1.03696389409 1.0064338899 1.3562839573 1.06357571464 1.07335744167 
1 0 0 0 
1.19552009296 1.4513984212 0.980216466688 2.14187508179 0.926503590681 0.943869192297 0.915577830156 1.22654994956 0.898927996685 0.919432072915 
1 0 0 0 
1.14882416162 1.22953841171 1.07133269518 1.24568219781 1.02106509864 1.16293327113 1.09396919945 1.14972392222 1.10731062903 1.0691283099 
1 0 0 0 
1.36105070309 1.8566256552 1.02258968075 1.65886250712 1.05177157413 1.06163752562 1.07183207943 1.23125114475 1.07415176237 1.06806705322 
1 0 0 0 
1.26249216349 1.36117297878 0.979729147943 1.66441289056 0.955108386658 0.935076265478 1.03735865192 1.37529371108 1.08992249013 0.949825258498 
1 0 0 0 
1.0 1.30384048104 1.00070829899 1.31633306299 1.01222041272 0.954995899144 0.832514238301 1.39380040107 0.941512542117 0.98438284456 
1 0 0 0 
1.09607886983 1.23572935023 1.02188328929 0.939552351224 0.997398146909 1.05667121379 1.00342141277 1.20185042515 1.01460345242 0.998800958801 
1 0 0 0 
1.12318229221 1.1314931801 0.901312467042 1.660149861 0.968834208728 0.862145590464 1.07364456832 1.36842105263 1.09881957509 0.960083533448 
1 0 0 0 
1.32966161109 1.52315462117 0.946214225775 1.67577420259 1.02352619297 1.0146193227 1.04008546657 1.37742701119 1.10164849328 1.03892224473 
1 0 0 0 
1.08944263084 1.0570165328 1.05647083076 2.07692307692 1.10220183408 1.0754062831 1.14484678333 1.23477601094 1.11561201317 1.13954825571 
1 0 0 0 
0.686161147707 0.75327002485 1.06125866614 0.485071250073 0.976618545689 1.08002935823 0.940100257984 1.2030573298 1.04998048382 1.02042341237 
0 1 0 0 
1.14354374979 0.935809620046 1.08424044794 0.828753727119 0.9867122923 1.12206407026 1.15579499435 1.11747139299 1.09446431062 1.01960784314 
0 1 0 0 
1.0034662149 1.21975607318 1.02747544346 0.81348921682 1.03701968933 1.03797500937 1.03734925129 1.11671788001 0.923750251693 1.00217883439 
0 1 0 0 
1.01639453523 0.987927122818 1.00978045871 0.789352217376 0.957390991379 1.06146069937 1.08935684571 1.12470555859 1.07335076424 0.981781527213 
0 1 0 0 
0.693375245282 0.867301786797 1.149374109 0.403635167341 1.04761904762 0.931188133058 1.080366803 0.930724317849 1.00413672602 0.935349871673 
0 1 0 0 
0.473980520957 0.598396693357 1.03286654882 0.491762204078 1.05603186502 0.995282992567 1.05277958727 1.08911562265 1.06144117226 1.03198758473 
0 1 0 0 
0.849677126626 0.746576887655 0.89945459454 0.919435057382 0.955092222858 0.892659262212 0.849752175926 1.03380571414 0.854597612126 0.919432072915 
0 1 0 0 
0.926211649843 0.770790274367 1.16350494644 0.66436383883 1.08540109988 1.07157634449 0.990433176199 1.19224899797 1.04193121043 1.05759307794 
0 1 0 0 
0.995893206468 0.98219442187 1.0413850194 0.704521372964 1.01881818907 1.05088858221 1.02858575023 1.06925159297 0.982632542963 1.10089217868 
0 1 0 0 
0.861602041898 0.81234135507 1.08634372428 0.493196961916 1.04489390786 0.962404591097 1.03203823575 1.10891379646 1.07799302666 0.949967907032 
0 1 0 0 
0.903507902905 0.933053179242 0.978271252447 0.7453559925 1.01257760396 0.889857007368 0.892380398254 1.15748823127 0.949900019641 1.01569158359 
0 1 0 0 
1.08333333333 0.779812867365 0.943491629585 0.645942241466 0.877165965648 0.935865692605 0.88998831898 1.20266588409 0.870015282856 0.898204053247 
0 1 0 0 
0.932325463146 0.890161526495 0.978024661545 0.890327426753 0.977065743301 0.955925260388 1.15537707359 1.08023030272 1.11625226015 0.971475826345 
0 1 0 0 
0.635609943283 0.809938269253 0.94721260561 0.482573012433 0.977040612618 0.909124377077 0.96724120857 1.34965129968 1.03702513626 0.926094620194 
0 1 0 0 
0.973417168334 0.7243558228 1.00110422707 1.08785658644 1.05592627067 0.995014095577 0.934963797893 1.14972392222 0.913469336928 0.990493076656 
0 1 0 0 
1.12454054604 1.20858353344 1.07282030006 1.45745772033 0.989812977148 1.18733150281 1.21963406939 1.02896817745 1.23606992216 1.1742275797 
0 0 1 0 
1.17996088592 1.15640741372 1.14511741509 1.49137496568 1.09164033576 1.30835987234 1.22079680029 0.956283097024 1.10516791363 1.15036393285 
0 0 1 0 
1.16666666667 1.56173761889 1.013297206 2.5 0.909665071466 0.898456044857 1.02016810372 1.02325892301 0.988295393905 0.983931301143 
0 0 1 0 
1.18181818182 1.1627553483 0.937495292954 2.58099563377 0.926891919646 1.07785488495 1.0572675758 0.981753736434 1.02543517106 0.959377305342 
0 0 1 0 
1.27852077989 0.867301786797 1.11226322657 1.72555153209 0.95267852494 0.884563474129 1.19831637939 1.01911708892 1.18017576829 0.938439675957 
0 0 1 0 
0.891358821096 0.898810470571 1.05941190673 1.30358981479 0.971303032845 0.939837282537 1.01191609418 1.06666666667 1.13206762649 1.00178586066 
0 0 1 0 
0.918641627091 1.18044170671 0.880193074848 2.75830517214 0.906261992842 1.03217880879 0.909032218306 0.965363393028 0.878022835681 0.963120869857 
0 0 1 0 
0.786949388526 0.857492925713 1.08383984916 2.3252734359 1.07562589952 1.16648602871 1.09765526737 1.08594043874 1.10063108038 1.10526993156 
0 0 1 0 
1.28036879933 1.19803761112 1.02258968075 2.22297229839 1.06593430661 1.05813546157 1.15276739557 1.02570066573 1.12478277833 1.16125128692 
0 0 1 0 
1.0 1.21747012388 1.08634372428 2.83796653505 0.964698464477 1.13152734458 1.16474459281 0.944743679727 1.16026156385 1.02713852529 
0 0 1 0 
0.860113898485 0.536875492193 0.928858178277 1.36999156088 0.967155907629 0.964832258765 0.872881341182 1.08033655489 0.969906213456 1.0 
0 0 1 0 
1.29368122469 1.32542700922 0.931269901361 1.58549459269 0.950785693755 1.06165506945 1.00588519556 0.821683271518 0.937492264083 0.998800958801 
0 0 1 0 
1.05611770906 0.764705882353 1.04533785177 3.232834594 1.04365056684 1.17056000614 1.39009027448 1.15789473684 1.27334881217 1.15447995257 
0 0 1 0 
0.948683298051 1.34461890512 0.979226576483 2.27252801119 1.03629137131 1.12618501274 1.05367083201 1.36254121863 1.1409139025 1.14748680979 
0 0 1 0 
0.746576887655 1.0570165328 0.991617209118 2.70983306982 0.986938349734 0.995014095577 1.07185652235 0.852126995511 1.03717775956 1.01812836413 
0 0 1 0 
1.0 1.0 1.0 1.0 1.0 1.0 1.0 1.0 1.0 1.0 
0 0 0 1 
1.0 1.0 1.0 1.0 1.0 1.0 1.0 1.0 1.0 1.0 
0 0 0 1 
1.0 1.0 1.0 1.0 1.0 1.0 1.0 1.0 1.0 1.0 
0 0 0 1 
1.0 1.0 1.0 1.0 1.0 1.0 1.0 1.0 1.0 1.0 
0 0 0 1 
1.0 1.0 1.0 1.0 1.0 1.0 1.0 1.0 1.0 1.0 
0 0 0 1 
1.0 1.0 1.0 1.0 1.0 1.0 1.0 1.0 1.0 1.0 
0 0 0 1 
1.0 1.0 1.0 1.0 1.0 1.0 1.0 1.0 1.0 1.0 
0 0 0 1 
1.0 1.0 1.0 1.0 1.0 1.0 1.0 1.0 1.0 1.0 
0 0 0 1 
1.0 1.0 1.0 1.0 1.0 1.0 1.0 1.0 1.0 1.0 
0 0 0 1 
1.0 1.0 1.0 1.0 1.0 1.0 1.0 1.0 1.0 1.0 
0 0 0 1 
1.0 1.0 1.0 1.0 1.0 1.0 1.0 1.0 1.0 1.0 
0 0 0 1 
1.0 1.0 1.0 1.0 1.0 1.0 1.0 1.0 1.0 1.0 
0 0 0 1 
1.0 1.0 1.0 1.0 1.0 1.0 1.0 1.0 1.0 1.0 
0 0 0 1 
1.0 1.0 1.0 1.0 1.0 1.0 1.0 1.0 1.0 1.0 
0 0 0 1 
1.0 1.0 1.0 1.0 1.0 1.0 1.0 1.0 1.0 1.0 
0 0 0 1 
